ncomps	x	y	amplitude	err amplitude	shift	err shift	width	err width	rms	residual	chisq	dof	redchisq	aic
1.0	46.0	0.0	220.87630897355612	6.41786079509738	281.550573886791	0.9152240751882496	27.278026139292734	0.9152240634339539	5.959144592285156	9.471915068491272	70.09947626797212	24.0	2.920811511165505	129.18965167792408
1.0	96.0	0.0	345.2364337758272	9.551987703931577	281.0766396856217	0.7681256533011903	24.042601266137154	0.7681256401119452	1.0631375312805176	12.200966543106155	4300.108283563673	24.0	179.17117848181968	147.25468238645422
2.0	196.0	0.0	203.64503573145075	4.816745448994767	277.20944052769465	0.29467453840700697	26.129300614885853	0.5191860025960382	0.6965357661247253	2.3028459896901947	295.44698729044654	21.0	14.06890415668793	61.2732676408369
2.0	196.0	0.0	23.420538509898844	4.980489836086431	271.9944314383815	4.354835446936641	70.99373024755599	7.690447226428095	0.6965357661247253	2.3028459896901947	295.44698729044654	21.0	14.06890415668793	61.2732676408369
1.0	246.0	0.0	324.0817069995738	14.491941773982756	282.9288619873206	1.6086800917861037	31.15575265757692	1.6086801081827342	0.48099905252456665	22.377337396825723	62658.896989022076	24.0	2610.7873745425863	176.7612699834085
2.0	296.0	0.0	136.015174557727	4.878489219976154	270.98057735993024	1.4177116310112514	51.10004961519567	1.22152910021877	0.3304421007633209	4.374825331390871	4925.429800329646	21.0	234.54427620617363	96.97542234910662
2.0	296.0	0.0	360.08176604326593	6.072110615849992	293.66850882935347	0.22370492559969415	14.12455853694066	0.28702021205291595	0.3304421007633209	4.374825331390871	4925.429800329646	21.0	234.54427620617363	96.97542234910662
2.0	346.0	0.0	70.81829228576838	4.18838736380941	266.7740455652177	2.9640453844622345	67.2814732064393	2.9077262033636715	0.33064794540405273	4.687273674302901	5475.236748565241	21.0	260.72555945548766	99.866297847051
2.0	346.0	0.0	320.28126671389043	5.547410496106133	291.96445238145486	0.27383055893839925	16.2000972191275	0.3458858934980584	0.33064794540405273	4.687273674302901	5475.236748565241	21.0	260.72555945548766	99.866297847051
2.0	396.0	0.0	64.24581239770467	3.3303376258845936	262.54703182619824	2.5587082550390976	67.1160040366972	2.3797605568595417	0.26425880193710327	3.419176977258545	4554.396054390311	21.0	216.87600259001482	82.79168365762578
2.0	396.0	0.0	252.1033941758015	4.1167854161760395	289.7636645017072	0.27500433341592306	18.01398156786122	0.3541013689656432	0.26425880193710327	3.419176977258545	4554.396054390311	21.0	216.87600259001482	82.79168365762578
2.0	446.0	0.0	73.0804888344982	3.976690323584094	263.71750703783624	2.5792781368656006	59.34621676322473	2.057456730924379	2.2476940155029297	3.725481450898124	74.74987236355847	21.0	3.559517731598022	87.42924691437612
2.0	446.0	0.0	155.73079962057446	4.814785234263605	292.63282443080533	0.4994871709988734	17.711031354846035	0.6437005057711208	2.2476940155029297	3.725481450898124	74.74987236355847	21.0	3.559517731598022	87.42924691437612
3.0	496.0	0.0	29.446794504218442	4.212373512483149	251.48794376743896	2.985252747990173	78.71322106304198	5.301103013325063	0.11379486322402954	1.2300320771027775	3159.7518174926017	18.0	175.54176763847786	39.8120301250389
3.0	496.0	0.0	99.16365501072181	3.507678839151017	225.91790687829118	0.35212016294374204	20.08410133782656	0.534207514309706	0.11379486322402954	1.2300320771027775	3159.7518174926017	18.0	175.54176763847786	39.8120301250389
3.0	496.0	0.0	98.07779515077367	3.4264519459370835	293.77005009095126	0.37929949899829857	21.640269500099514	0.5498535677782513	0.11379486322402954	1.2300320771027775	3159.7518174926017	18.0	175.54176763847786	39.8120301250389
2.0	546.0	0.0	244.66242989894633	5.7391603564034845	229.16627970927067	1.1010651209301507	22.749838858565052	0.984071009175438	0.7506324052810669	6.277486492072886	2316.8931164361716	21.0	110.3282436398177	120.91861131638142
2.0	546.0	0.0	76.25259761382992	5.476046710973549	296.01901333605673	3.6557902423475737	24.08594053032511	3.3478498977485476	0.7506324052810669	6.277486492072886	2316.8931164361716	21.0	110.3282436398177	120.91861131638142
2.0	46.0	50.0	218.03938840053073	12.21607592148892	293.6232813130252	0.7626358665206149	33.79796682172871	0.8369314733689329	1.2892215251922607	3.6013876784049534	249.08039577584168	21.0	11.860971227421032	89.91043166759991
2.0	46.0	50.0	144.1309890514357	11.913087155115074	284.21496642249076	0.5829740834811772	13.812560212524374	0.9138372803672205	1.2892215251922607	3.6013876784049534	249.08039577584168	21.0	11.860971227421032	89.91043166759991
1.0	246.0	50.0	308.20400927277853	12.216229120128586	286.1005451158348	1.3269802150248537	28.99357428863561	1.3269802207285633	0.178904190659523	17.808218207338676	299514.46648207953	24.0	12479.769436753313	165.59480614666964
2.0	296.0	50.0	121.2928672030227	4.052699028321139	273.8392243566151	1.1926640894263234	48.691140036173174	1.0331754491744247	0.167744442820549	3.1549487194558172	10714.393426150566	21.0	510.20921076907456	81.34773752694923
2.0	296.0	50.0	275.6643340606688	4.805822118684501	294.7854223719844	0.22349824078169178	14.232095183748779	0.2916739179450598	0.167744442820549	3.1549487194558172	10714.393426150566	21.0	510.20921076907456	81.34773752694923
2.0	346.0	50.0	64.06435871726582	6.631230122239028	214.90261084999037	5.67552625831697	32.10670529581515	5.917111914260289	0.15657243132591248	8.964229101126906	104737.34533824252	21.0	4987.492635154405	139.1823281897009
2.0	346.0	50.0	259.9970263900542	8.624992984226562	293.2496930381953	1.0881141134677539	20.890089692429637	1.0106021430714593	0.15657243132591248	8.964229101126906	104737.34533824252	21.0	4987.492635154405	139.1823281897009
2.0	396.0	50.0	78.46962915356363	4.400942049196756	261.4052522246689	2.8232499918676854	63.73417762641422	2.41003735215164	0.1643853634595871	4.508424629391622	20460.263723256892	21.0	974.2982725360425	97.72162386395449
2.0	396.0	50.0	192.03327467544383	5.505220009665838	290.6417194677191	0.47652005357241317	17.644690518344188	0.6084507116739429	0.1643853634595871	4.508424629391622	20460.263723256892	21.0	974.2982725360425	97.72162386395449
2.0	446.0	50.0	79.2368131652631	6.270501502271859	221.0780688685119	3.6579247530801755	22.679432043207623	3.209265638609672	2.2476940155029297	6.300353948576059	294.49305771077144	21.0	14.023478938608164	124.44916088713725
2.0	446.0	50.0	216.23132127717642	5.688001775930963	289.1609133039393	1.4359898797631767	25.36426806161467	1.3202807576203612	2.2476940155029297	6.300353948576059	294.49305771077144	21.0	14.023478938608164	124.44916088713725
2.0	496.0	50.0	164.9169236972543	6.191513562144385	223.69155508439118	1.6620848743311802	22.293569794699152	1.3294732174796375	2.2476940155029297	5.228440586679836	202.0938689058261	21.0	9.6235175669441	114.28303603533982
2.0	496.0	50.0	146.40113959557888	4.711694407770518	289.7263955069904	2.170846386715202	27.12969235866934	1.8790250318119728	2.2476940155029297	5.228440586679836	202.0938689058261	21.0	9.6235175669441	114.28303603533982
2.0	546.0	50.0	234.1514763273203	6.4236985542878	226.0721335309377	0.385132161010254	16.406035107853267	0.5033610784121441	0.4321988523006439	4.288167892208614	2659.9917334225665	21.0	126.66627302012222	94.83756607550133
2.0	546.0	50.0	153.9908840671795	5.515404470636701	252.14866223452373	1.4370058680342437	49.26511379811403	1.0286625665576155	0.4321988523006439	4.288167892208614	2659.9917334225665	21.0	126.66627302012222	94.83756607550133
1.0	596.0	50.0	549.1147179308724	18.36894003548764	236.69753446020107	1.0608444708665692	27.463044795693726	1.0608444416089498	2.2476940155029297	25.801207286178045	4063.847287904701	24.0	169.32697032936252	186.15764866421262
2.0	346.0	100.0	88.66598778745433	5.23492508561381	215.5514444346259	2.995889871281333	28.915102858199333	3.046004264172446	2.2476940155029297	6.764828433834212	290.8907776628009	21.0	13.851941793466708	124.11685656594096
2.0	346.0	100.0	147.4688305110923	5.877817236126191	294.35570248006894	1.6088797534441166	23.29759817166298	1.5146665108105397	2.2476940155029297	6.764828433834212	290.8907776628009	21.0	13.851941793466708	124.11685656594096
2.0	396.0	100.0	115.01589082713126	6.1796421966023765	219.87796441511802	3.5885919727254154	29.460662035370472	3.291990103156491	2.2476940155029297	7.820878648536412	401.2284119568176	21.0	19.106114855086552	132.79959780344078
2.0	396.0	100.0	213.96363748251116	7.945837868739697	292.44162344529497	1.6379691162732264	23.22455484678584	1.3743683793252932	2.2476940155029297	7.820878648536412	401.2284119568176	21.0	19.106114855086552	132.79959780344078
2.0	446.0	100.0	138.79390694399035	13.054336378120885	222.75481479724118	3.2636264617008344	20.745185597166905	2.38604830606884	2.2476940155029297	7.916525095646	452.9707510101692	21.0	21.570035762389008	136.0746083003831
2.0	446.0	100.0	262.8923411843047	7.615037055818806	282.6142354435708	2.239176411156884	27.303835499342195	1.7952375316366715	2.2476940155029297	7.916525095646	452.9707510101692	21.0	21.570035762389008	136.0746083003831
2.0	496.0	100.0	209.52541005037332	21.549688000217305	222.6875596231534	2.894285017194876	20.805110419002958	1.9028857215476334	2.2476940155029297	8.861249324465103	539.4202316349049	21.0	25.686677696900233	140.79062706293445
2.0	496.0	100.0	253.98160412325626	10.48249564975385	278.55698080522285	3.43203279229585	27.966549049655747	2.442613620741912	2.2476940155029297	8.861249324465103	539.4202316349049	21.0	25.686677696900233	140.79062706293445
2.0	546.0	100.0	183.13450868882674	13.312069064754617	220.5248863550503	1.012101515140424	16.747090768225586	1.3265587244523822	0.22259509563446045	8.471399503504948	39123.50377699808	21.0	1863.0239893808607	131.59368199363146
2.0	546.0	100.0	251.5378114715162	11.244028906506871	248.57859220712584	1.882711929616561	47.56241802365655	1.205910783732492	0.22259509563446045	8.471399503504948	39123.50377699808	21.0	1863.0239893808607	131.59368199363146
1.0	596.0	100.0	560.5377277306007	17.824945162584246	234.97357344560282	1.3000282597593023	35.405124187309625	1.3000393915930142	2.2476940155029297	29.704195852410162	4933.201129097521	24.0	205.55004704573003	191.39181360613452
2.0	346.0	150.0	152.10400142549446	4.771446092538833	218.49579630188114	1.799267373856214	27.77972588470387	1.7130716544564268	2.2476940155029297	5.9027412987672445	230.40464048675034	21.0	10.971649546988111	117.82286516565054
2.0	346.0	150.0	133.43625451812673	5.592594040611982	290.67362745161176	1.8161667241248767	22.749374966262803	1.6009636070745674	2.2476940155029297	5.9027412987672445	230.40464048675034	21.0	10.971649546988111	117.82286516565054
2.0	396.0	150.0	221.95704154548483	6.550141220097748	224.93115604009583	2.0300487470635793	28.69960349967539	1.8254496007050542	2.2476940155029297	7.942385620519019	431.3746710922032	21.0	20.541651004390626	134.75564379766055
2.0	396.0	150.0	239.4935827320269	9.390298890866802	292.21823359115734	1.5110796893668375	21.48453016011836	1.2308650125422895	2.2476940155029297	7.942385620519019	431.3746710922032	21.0	20.541651004390626	134.75564379766055
2.0	446.0	150.0	198.9974998095544	27.71824790873972	226.66190788145713	5.382631786830367	24.340379507649622	2.9912520238516502	2.2476940155029297	9.055688161464397	562.0139745287435	21.0	26.76257021565445	141.89848559883833
2.0	446.0	150.0	285.95442535792307	20.62474910250483	282.45679483920566	4.334310825461265	27.029049805035143	2.5500629648439386	2.2476940155029297	9.055688161464397	562.0139745287435	21.0	26.76257021565445	141.89848559883833
2.0	496.0	150.0	213.87258276792863	35.57351027178687	222.77078893621234	4.0303135780730335	20.319858244364656	2.436127878025862	2.2476940155029297	10.548701346856015	785.3850404415017	21.0	37.399287640071506	150.93396484835014
2.0	496.0	150.0	326.0146559774499	17.165593637793815	273.9604077026215	3.9679058110248078	26.985324600273	2.573408897826685	2.2476940155029297	10.548701346856015	785.3850404415017	21.0	37.399287640071506	150.93396484835014
2.0	546.0	150.0	321.29214958790226	10.825262786612047	224.0064114147476	3.2015401212461487	31.6736287262772	2.226888726193246	2.2476940155029297	9.477898663130043	575.5098599816323	21.0	27.405231427696776	142.53918603049982
2.0	546.0	150.0	221.7944104224591	24.302488687057604	284.5347999212234	2.97375238589014	22.703261792290874	1.948709839165061	2.2476940155029297	9.477898663130043	575.5098599816323	21.0	27.405231427696776	142.53918603049982
2.0	596.0	150.0	405.0985422271017	6.886671556797409	216.71337217265346	1.4780889841792106	30.52979977280589	1.1532305494496382	0.16369150578975677	7.646646115752653	71450.51049201051	21.0	3402.40526152431	131.25726249488275
2.0	596.0	150.0	246.76904870868978	11.401969909192315	284.20531633480914	1.923967511028395	24.03455309843679	1.3745522011971447	0.16369150578975677	7.646646115752653	71450.51049201051	21.0	3402.40526152431	131.25726249488275
2.0	646.0	150.0	601.7240952139565	7.817929408368023	223.16387807546266	0.718276667689379	28.6217454573626	0.7157150820490297	1.0872862339019775	9.826225296561635	2702.1383930744446	21.0	128.6732568130688	145.07995498801304
2.0	646.0	150.0	163.21309884679505	10.623060651573677	291.1587333054016	2.049386140434056	19.271931856205313	1.8255536423987897	1.0872862339019775	9.826225296561635	2702.1383930744446	21.0	128.6732568130688	145.07995498801304
1.0	696.0	150.0	761.454519979805	19.692719161615038	225.56007180842266	0.8073467785278668	27.034695515441427	0.8073467727077072	2.3081233501434326	27.048619878200817	4360.198935946066	24.0	181.6749556644194	189.49073163300991
2.0	346.0	200.0	170.77927923895993	4.637303136218967	218.8783625302281	1.8065513043405916	26.577216151962848	1.4771862966312994	2.2476940155029297	5.007771445202409	168.1016778826216	21.0	8.004841803934362	109.31062787503814
2.0	346.0	200.0	109.14849302574305	5.254523136842306	286.5675772403858	2.664445599474034	24.612822676570733	2.1041441378265078	2.2476940155029297	5.007771445202409	168.1016778826216	21.0	8.004841803934362	109.31062787503814
2.0	396.0	200.0	252.01036040688606	7.231260538865223	224.35776522712297	2.1465714310576365	27.754734382350644	1.7834952806150597	2.2476940155029297	8.096736691884503	453.0760636227915	21.0	21.575050648704355	136.08088488677507
2.0	396.0	200.0	272.8905095298746	11.166646692551128	287.6859647120634	1.594972324912772	21.59017606756272	1.2096345334453709	2.2476940155029297	8.096736691884503	453.0760636227915	21.0	21.575050648704355	136.08088488677507
2.0	446.0	200.0	251.90899250764423	28.814308949198352	234.3179094940466	7.22566988688237	27.633530291804988	4.120865656002535	2.2476940155029297	11.475912796263358	884.2354590182024	21.0	42.10645042943821	154.13479564111495
2.0	446.0	200.0	313.68031312602557	47.83455453221643	286.52376511972983	4.294221457076886	22.880738679419373	2.257622644631847	2.2476940155029297	11.475912796263358	884.2354590182024	21.0	42.10645042943821	154.13479564111495
2.0	496.0	200.0	321.4391561169116	37.291465445238494	227.77810256878607	3.100466181569488	20.33808288824986	1.821317063534841	0.07801913470029831	10.890566174418542	751569.2614128	21.0	35789.012448228576	154.77694516974768
2.0	496.0	200.0	377.759896735119	20.092501383619698	277.987434271758	3.646771715803333	25.66997670039787	2.324780244532428	0.07801913470029831	10.890566174418542	751569.2614128	21.0	35789.012448228576	154.77694516974768
2.0	546.0	200.0	459.6990889978504	15.46711535433537	226.86386370630575	2.6931760906799034	27.452043454462732	1.994927272336393	2.2476940155029297	14.309502609953073	1397.5073431534386	21.0	66.54796872159231	166.49329169261682
2.0	546.0	200.0	359.56995001865886	27.7910308369229	285.16660568953506	2.6289002961759365	21.39438223095267	1.7846730572183864	2.2476940155029297	14.309502609953073	1397.5073431534386	21.0	66.54796872159231	166.49329169261682
2.0	596.0	200.0	480.33420797733584	9.00587845040795	215.76797825898828	1.5506305927163198	29.481587879264556	1.1569406960081883	0.23438090085983276	8.944020737939843	47746.942404308844	21.0	2273.663924014707	139.75788689887904
2.0	596.0	200.0	320.1332879025696	13.748592518156334	281.8867083932015	1.9413363263256178	24.588900149660713	1.3419875361642493	0.23438090085983276	8.944020737939843	47746.942404308844	21.0	2273.663924014707	139.75788689887904
2.0	646.0	200.0	461.9900261439726	12.70095850413984	210.22931828579578	1.5439432667368642	26.50685930907929	1.0068393782920029	0.7013257145881653	8.068383180609578	4088.426383196416	21.0	194.68697062840076	132.58384688116635
2.0	646.0	200.0	235.38061900291385	11.327116079253063	274.3582630053267	3.172063539908912	27.643754995697968	2.1144044045748074	0.7013257145881653	8.068383180609578	4088.426383196416	21.0	194.68697062840076	132.58384688116635
2.0	696.0	200.0	238.9195755523693	12.050957936407329	210.03431303774954	0.6422132568210706	18.05994274375255	0.8697086436148045	1.940024495124817	6.1777661149118295	276.52679670342616	21.0	13.16794270016315	114.80054569818383
2.0	696.0	200.0	260.020980655684	11.227504807323008	233.89736156234943	1.4334171806771048	45.55947780972791	0.9330092764643456	1.940024495124817	6.1777661149118295	276.52679670342616	21.0	13.16794270016315	114.80054569818383
3.0	46.0	250.0	15.996573429969795	2.1726500064510206	281.5225365553826	3.965230639620171	82.68507961993883	6.24497468333992	0.1856302171945572	1.0336531580727804	838.3890750164871	18.0	46.57717083424929	30.414733704712127
3.0	46.0	250.0	74.746623898972	4.720399624324046	265.75507373459914	1.6042389218493391	19.985379899337506	0.941660200642751	0.1856302171945572	1.0336531580727804	838.3890750164871	18.0	46.57717083424929	30.414733704712127
3.0	46.0	250.0	63.92993068964424	3.261278364132981	310.94836317591125	2.336653149974249	23.064807554703748	1.441283903083005	0.1856302171945572	1.0336531580727804	838.3890750164871	18.0	46.57717083424929	30.414733704712127
2.0	346.0	250.0	116.22450992572004	3.560146316397986	224.85603075536466	2.399758384441959	31.337529232719724	2.122999155123659	2.2476940155029297	4.479335173060343	136.78223544110227	21.0	6.513439782909632	103.74379803537558
2.0	346.0	250.0	108.41444385402454	5.613928972951004	295.52413979155375	1.9647642658468585	22.54082777368728	1.5722694153251446	2.2476940155029297	4.479335173060343	136.78223544110227	21.0	6.513439782909632	103.74379803537558
2.0	396.0	250.0	226.13235630082139	9.489790040236354	232.92005725534722	4.329005986606616	32.228154137225765	3.27591986090626	2.2476940155029297	10.229336253131821	694.5484268746724	21.0	33.07373461307964	147.61533528578406
2.0	396.0	250.0	285.61232817700557	26.549470703238352	290.0358097765311	1.6937793180371978	19.33896974234219	1.3773789041880233	2.2476940155029297	10.229336253131821	694.5484268746724	21.0	33.07373461307964	147.61533528578406
1.0	446.0	250.0	439.99168139298956	13.669252198398008	262.54909382683365	1.390266325576179	38.755380721199415	1.3902670764824778	2.2476940155029297	24.25345878531635	3175.6382275703813	24.0	132.31825948209922	179.49886805421684
2.0	496.0	250.0	549.3360650088092	44.19373115725339	236.80681721069365	3.6364295339574872	23.364799850664237	2.023119381098432	2.2476940155029297	14.34598236803272	1486.889765617886	21.0	70.80427455323267	168.16719320034784
2.0	496.0	250.0	376.5085275787417	48.771111655992094	286.0354294362442	5.046955049103456	22.56662581678888	2.749881637029184	2.2476940155029297	14.34598236803272	1486.889765617886	21.0	70.80427455323267	168.16719320034784
2.0	546.0	250.0	714.1032795318127	26.74362475727474	233.151402777448	2.5720191381370094	26.330074768256807	1.6514907484894992	2.2476940155029297	15.758047805061546	1721.856749452149	21.0	81.99317854534043	172.12854359840728
2.0	546.0	250.0	403.87840508811723	44.22078002831859	286.9249403297287	3.5722200696913267	21.87912013478585	2.118813957371254	2.2476940155029297	15.758047805061546	1721.856749452149	21.0	81.99317854534043	172.12854359840728
3.0	596.0	250.0	578.1233321120044	34.14397543910496	227.6328948649031	0.49939990411071333	28.42174670414326	0.6134371275645311	0.3050697147846222	3.310614442078656	3216.152910478915	18.0	178.67516169327305	93.54144406972196
3.0	596.0	250.0	194.9088902326823	15.28777677014908	285.7607937704636	0.6257834732593842	16.704228748153977	0.818180969925085	0.3050697147846222	3.310614442078656	3216.152910478915	18.0	178.67516169327305	93.54144406972196
3.0	596.0	250.0	167.24869297108734	37.60225456476615	251.34330227488655	2.404529739122468	54.69165101610369	3.2343670983758672	0.3050697147846222	3.310614442078656	3216.152910478915	18.0	178.67516169327305	93.54144406972196
2.0	646.0	250.0	291.9058339806241	19.17111387845283	214.14320717250584	0.8054010480035453	18.94649978835487	1.0957236448247814	1.0078781843185425	8.655601759871526	1993.3392403346697	21.0	94.92091620641284	132.77045562907944
2.0	646.0	250.0	424.85467580048856	17.455329241068434	239.9983208097981	1.4310016160159005	44.0418503436252	0.7845317133738184	1.0078781843185425	8.655601759871526	1993.3392403346697	21.0	94.92091620641284	132.77045562907944
2.0	696.0	250.0	613.5775502950534	10.545723940794955	219.38329566508372	1.0532162512170335	26.683184097692372	0.9718677924856222	2.21492075920105	12.954842881623735	1087.8838259802756	21.0	51.803991713346456	158.93782293363245
2.0	696.0	250.0	202.72817481408165	15.338393844892833	281.32483383546656	2.4896295182443806	19.137714725335087	2.0705425539463036	2.21492075920105	12.954842881623735	1087.8838259802756	21.0	51.803991713346456	158.93782293363245
2.0	346.0	300.0	79.73481630303776	1.8821777532495887	248.54272322433175	2.1608446645646078	58.23890937860755	1.4533580238713237	2.2476940155029297	2.930174057794772	45.89502043045446	21.0	2.185477163354974	74.2588931292384
2.0	346.0	300.0	64.69395123105548	3.655682341153438	302.76189647235066	0.8492665794847158	16.00542594084504	1.1010537599762709	2.2476940155029297	2.930174057794772	45.89502043045446	21.0	2.185477163354974	74.2588931292384
2.0	396.0	300.0	279.96860497942464	10.199777355577773	238.78020373966515	3.6050996215995985	32.40847043382604	2.896600932706772	2.2476940155029297	12.498310765805039	982.7367176276584	21.0	46.79698655369802	156.98647800068173
2.0	396.0	300.0	185.52724035301947	26.677780215183123	298.1331714443457	2.8279612614451612	19.12536974620139	2.364086563102809	2.2476940155029297	12.498310765805039	982.7367176276584	21.0	46.79698655369802	156.98647800068173
2.0	446.0	300.0	515.898128732807	21.02051531062319	243.33648104406734	3.2149513329369896	26.306574124163063	2.484288269658643	2.2476940155029297	21.52582175024476	2973.1341624787615	21.0	141.5778172608934	186.8763069075187
2.0	446.0	300.0	238.77748137158397	44.335552127516024	296.5188507901006	4.688479830563325	18.494698335770387	3.3602349714238415	2.2476940155029297	21.52582175024476	2973.1341624787615	21.0	141.5778172608934	186.8763069075187
2.0	496.0	300.0	653.4227803236398	25.32824452050774	243.6024807029453	2.7986938811349162	25.481422015429768	1.902616047864909	2.2476940155029297	18.16087323546599	2185.521847986131	21.0	104.07246895172052	178.56673188409036
2.0	496.0	300.0	241.86238585244814	47.4752813576354	295.11560897698223	5.5710810095048835	19.982286245466295	3.4839077463269117	2.2476940155029297	18.16087323546599	2185.521847986131	21.0	104.07246895172052	178.56673188409036
2.0	596.0	300.0	259.70279102040695	22.032667475580517	235.16611490239228	0.7386280176421344	15.936194442147237	1.1316748356290043	2.2476940155029297	8.197112221241222	382.90702205076025	21.0	18.23366771670287	131.53765361676705
2.0	596.0	300.0	625.6985655653469	22.443134018568102	246.91024745328247	0.6177795569799998	39.980820886952955	0.6538063888474005	2.2476940155029297	8.197112221241222	382.90702205076025	21.0	18.23366771670287	131.53765361676705
3.0	646.0	300.0	544.4685711499566	11.458439804782145	228.51164036091564	0.13001123441151827	23.509246732737815	0.2172349646802272	1.1040469408035278	1.2166690435231373	33.143105794372765	18.0	1.8412836552429315	39.468230639899176
3.0	646.0	300.0	188.74303059753353	5.326756543463467	282.0736486109331	0.23073232417105646	15.816052467275988	0.2704337060157514	1.1040469408035278	1.2166690435231373	33.143105794372765	18.0	1.8412836552429315	39.468230639899176
3.0	646.0	300.0	204.62073789217234	12.43735376840214	242.74524922875167	0.4506551800946091	51.95548167858429	0.9383714636172259	1.1040469408035278	1.2166690435231373	33.143105794372765	18.0	1.8412836552429315	39.468230639899176
2.0	696.0	300.0	671.8640336676136	13.42420623263483	224.7680110628654	1.2954897636374227	25.494403572851414	1.134838152260886	2.3484904766082764	15.521925460830955	1433.62608304512	21.0	68.26790871643428	169.55111464834454
2.0	696.0	300.0	298.59497931035935	21.460735739493717	282.0122117512981	2.2223794644746753	18.410199986098064	1.762631785653906	2.3484904766082764	15.521925460830955	1433.62608304512	21.0	68.26790871643428	169.55111464834454
2.0	296.0	350.0	39.184717085582285	2.26678604860753	206.42599735319465	7.701692237376323	54.9380768328001	7.940811429009035	2.2476940155029297	4.199079609455424	94.85964711098313	21.0	4.517126052903959	93.8620210950527
2.0	296.0	350.0	74.3947170347567	5.445660466290408	306.8430925130569	1.9420524600009903	26.924629671122307	1.963280250000594	2.2476940155029297	4.199079609455424	94.85964711098313	21.0	4.517126052903959	93.8620210950527
3.0	346.0	350.0	20.37865715873848	3.6397993399705153	171.74508325049388	1.3578861529332111	26.13416672281965	3.0835219143996357	2.2476940155029297	0.8073226199932731	3.5056597674128245	18.0	0.19475887596737915	17.20372552866404
3.0	346.0	350.0	60.05678539528106	0.6779915339085142	250.35833207623384	4.199290568926492	60.12820360984515	2.0674333324141814	2.2476940155029297	0.8073226199932731	3.5056597674128245	18.0	0.19475887596737915	17.20372552866404
3.0	346.0	350.0	52.42367535240883	1.5358665988885607	308.1360105863585	0.3708608243996747	17.10667828633853	0.5187657929035524	2.2476940155029297	0.8073226199932731	3.5056597674128245	18.0	0.19475887596737915	17.20372552866404
2.0	396.0	350.0	240.4413179277063	7.726149213892848	233.51080184105354	1.8983599480003333	32.321928676367406	1.9415733190312736	2.2476940155029297	10.554275818553373	691.8455707534606	21.0	32.94502717873622	147.5100589965699
2.0	396.0	350.0	110.23902839033667	11.240520374250197	307.0256409202779	2.9548106364172813	19.468212771558328	2.7098150768089004	2.2476940155029297	10.554275818553373	691.8455707534606	21.0	32.94502717873622	147.5100589965699
2.0	446.0	350.0	278.86002884727486	15.840281851487628	236.25590185165004	0.704291516162421	13.564812913666193	0.9102825313498715	2.2476940155029297	11.090770347452512	657.8605249876186	21.0	31.32669166607708	146.1500736862294
2.0	446.0	350.0	289.81056737538967	13.137570037997886	255.55993712454048	1.571295261575779	48.591449147859116	1.4443232842048823	2.2476940155029297	11.090770347452512	657.8605249876186	21.0	31.32669166607708	146.1500736862294
2.0	496.0	350.0	403.14798337225153	12.614764723338217	239.85414076821584	0.34337113605018177	14.421792978679358	0.47009797483869137	2.2476940155029297	6.3516959850162085	254.76708891309997	21.0	12.131766138719046	120.53670756193456
2.0	496.0	350.0	423.617937553579	11.85954407983303	257.01157293476916	0.7375907233052728	41.48179423856819	0.624480007179489	2.2476940155029297	6.3516959850162085	254.76708891309997	21.0	12.131766138719046	120.53670756193456
3.0	646.0	350.0	389.4998360605045	18.964164611589066	241.42236595683002	0.5826388422373624	22.276052962288738	0.6827693605449243	0.9172898530960083	2.3219954456341108	181.88232219651636	18.0	10.10457345536202	75.42944163592506
3.0	646.0	350.0	236.6714916461812	19.829383569900582	248.89101812353036	0.6921485245742005	48.31168965634587	1.2823562697123474	0.9172898530960083	2.3219954456341108	181.88232219651636	18.0	10.10457345536202	75.42944163592506
3.0	646.0	350.0	201.12702825558094	10.239337069281135	282.3315042536026	0.6980029782327916	14.914038886604066	0.5300193444051031	0.9172898530960083	2.3219954456341108	181.88232219651636	18.0	10.10457345536202	75.42944163592506
2.0	696.0	350.0	530.5658546613332	10.28045604991733	246.75767356783624	1.22504470347167	37.498700223600785	0.7812099617758245	1.6791154146194458	12.036964385206888	1444.3430853026568	21.0	68.77824215726937	151.63489576574594
2.0	696.0	350.0	173.65130058614903	19.93906382548726	282.7613599658144	1.1176867380857538	11.173628524368162	1.6046070404799435	1.6791154146194458	12.036964385206888	1444.3430853026568	21.0	68.77824215726937	151.63489576574594
2.0	246.0	400.0	45.421985790272664	2.036268078654953	249.06135399287913	2.7656643015645304	71.89029780617834	2.0532515304383137	0.19654889404773712	2.008405857449565	2827.545974008683	21.0	134.64504638136586	53.93626632563015
2.0	246.0	400.0	183.3409592067392	2.4340430940356206	288.62201928470915	0.268639282485284	22.882964289053152	0.34796111826840925	0.19654889404773712	2.008405857449565	2827.545974008683	21.0	134.64504638136586	53.93626632563015
2.0	296.0	400.0	48.695071939207104	2.3441353264160605	206.8437938941717	6.888341934781724	51.40493545482849	6.48189556687845	0.23276430368423462	4.1028528885358595	8805.428416495244	21.0	419.3061150712021	93.7393827474529
2.0	296.0	400.0	150.07949707226032	6.467090178277415	296.42835176444	0.9556271405917104	25.21569245805571	0.9935231039125083	0.23276430368423462	4.1028528885358595	8805.428416495244	21.0	419.3061150712021	93.7393827474529
2.0	346.0	400.0	63.37494054206782	3.1160436778680194	242.04986049040937	3.6197770122200006	72.19705284544798	2.51363819396269	2.2476940155029297	3.5723587575861235	68.44662401982427	21.0	3.2593630485630607	85.0507284995645
2.0	346.0	400.0	207.15461581264984	4.1124414652019885	288.46362019382383	0.4085046953978825	22.098764293531257	0.5191457555974981	2.2476940155029297	3.5723587575861235	68.44662401982427	21.0	3.2593630485630607	85.0507284995645
2.0	396.0	400.0	168.07222931801348	5.8090180872507755	255.00482196406688	1.635003655192139	56.89930456145473	1.2158560621883931	2.2476940155029297	5.227724334745393	146.05693660724316	21.0	6.955092219392531	105.51517039202469
2.0	396.0	400.0	269.9056519152756	6.981938902016484	284.87181120280974	0.4131689005117736	17.852205906599323	0.5339762513256849	2.2476940155029297	5.227724334745393	146.05693660724316	21.0	6.955092219392531	105.51517039202469
2.0	446.0	400.0	370.75182594202835	11.243790156937523	255.29685478689487	1.6408941242180755	45.7297568636219	1.0078830680910098	2.2476940155029297	11.188905628654336	689.2200674073626	21.0	32.820003209874415	147.40740105796823
2.0	446.0	400.0	145.3547341702618	16.370146828342303	288.9382726584249	1.4829030713182747	14.387295671750445	1.9040840481656107	2.2476940155029297	11.188905628654336	689.2200674073626	21.0	32.820003209874415	147.40740105796823
2.0	496.0	400.0	806.3290812969624	85.36583321651943	241.30836775013336	4.802205939582228	26.02171865606883	2.4101985191335413	2.2476940155029297	20.627443865308532	2875.0704665303315	21.0	136.9081174538253	185.97074078767085
2.0	496.0	400.0	379.10157771944523	99.86580666319395	292.05434713636475	9.263896046961097	24.57495536504964	4.475100322291405	2.2476940155029297	20.627443865308532	2875.0704665303315	21.0	136.9081174538253	185.97074078767085
3.0	546.0	400.0	1002.8802946701807	18.63115300736423	243.70259972412848	0.3380706106324533	19.22286246399938	0.2732023011833231	2.2476940155029297	3.1540936738324534	57.201780165908445	18.0	3.1778766758838026	92.59329511146018
3.0	546.0	400.0	320.37028525827327	20.42048624562043	258.81735225039694	0.7271631594622527	52.61197728609454	1.155584187258075	2.2476940155029297	3.1540936738324534	57.201780165908445	18.0	3.1778766758838026	92.59329511146018
3.0	546.0	400.0	487.29543498195505	15.201237610349452	286.90397769177446	0.693644883940476	19.011824244875193	0.4916136993395048	2.2476940155029297	3.1540936738324534	57.201780165908445	18.0	3.1778766758838026	92.59329511146018
1.0	646.0	400.0	876.6766400061903	12.32545733744611	260.00534955887383	0.5357005257015425	32.997988043841005	0.5357005237606719	1.2052979469299316	18.771907607944417	7645.259674482438	24.0	318.5524864367682	169.56883909964523
1.0	696.0	400.0	707.9207227051309	17.143171229926047	257.2916668270153	0.9312334194495582	33.30327442848514	0.9312334273267757	2.0097408294677734	27.634631030942867	5368.744389245402	24.0	223.69768288522508	187.6336268289345
2.0	246.0	450.0	97.43914912235056	4.16693997522699	249.56958891402738	2.079379948551606	62.896804880562634	1.6247962441480104	2.2476940155029297	3.6517133880883943	71.29660126777797	21.0	3.39507625084657	86.15217805812209
2.0	246.0	450.0	400.4940656749596	4.810031288324053	280.5087906995991	0.20878525354171917	20.13997077759099	0.27366581021939645	2.2476940155029297	3.6517133880883943	71.29660126777797	21.0	3.39507625084657	86.15217805812209
2.0	296.0	450.0	128.39114188565364	36.040512863743395	256.0712922609495	6.169817735319286	65.23968456737782	9.615941035248849	2.2476940155029297	18.026149235466235	1738.9220889220717	21.0	82.80581375819389	172.39482348615667
2.0	296.0	450.0	475.63102422683767	35.245245206935024	264.37545787991775	0.9235501099467777	23.173423130485574	1.5383078767001663	2.2476940155029297	18.026149235466235	1738.9220889220717	21.0	82.80581375819389	172.39482348615667
1.0	346.0	450.0	1249.1766574251735	33.40875804905509	264.65585578946	0.7806232352616034	25.27737490047806	0.7806232243154982	2.2476940155029297	41.744069205107074	12372.775906407773	24.0	515.5323294336572	216.21859640361149
1.0	496.0	450.0	1527.5624706880121	34.562979864864715	265.2384762341923	0.77378796540784	29.616631933243458	0.7737879560945972	2.2476940155029297	49.13944205444776	15515.766904681654	24.0	646.4902876950689	222.33026669653447
1.0	546.0	450.0	1606.6642434822477	19.44287296221512	265.34993709876136	0.4669795203446331	33.418667339645296	0.46697951669587967	2.2476940155029297	29.274090463895366	5540.191147161808	24.0	230.84129779840865	194.5249181673541
1.0	596.0	450.0	1643.844659410311	26.724835503748153	268.8577671785789	0.593587977788587	31.619721911162564	0.5935879725709547	2.2476940155029297	39.79584016992339	9903.813792786228	24.0	412.6589080327595	210.20897277220297
1.0	696.0	450.0	1072.9888221478343	35.092191154594055	261.95909284583763	0.9985379628148667	26.441295606553275	0.9985379627110771	2.2476940155029297	48.09642481145307	14279.529627204978	24.0	594.9804011335408	220.08846454092057
1.0	196.0	500.0	1048.9294217970696	35.74255893191585	273.57625539523957	0.8793256705456416	22.347824349459025	0.8793256497471464	2.2476940155029297	41.16628625337085	12520.522432983907	24.0	521.6884347076629	216.53910058152425
1.0	246.0	500.0	783.5200171678993	24.675303627532422	264.4161931182574	1.1068923231272236	30.438187593058732	1.1068923103952955	2.2476940155029297	35.376319432631924	8127.539126393144	24.0	338.64746359971434	204.87210613528353
1.0	196.0	550.0	1614.1746950483457	23.25286837784953	248.27267178866384	0.5029962147162228	30.239005453287792	0.5029962117996074	2.2476940155029297	32.06668690341582	7170.242837480363	24.0	298.76011822834846	201.48850218907515
1.0	496.0	550.0	1378.7743735317601	43.11691914591233	260.98081913805635	1.043658052929361	28.903159845093146	1.043658067058946	0.5898315906524658	60.51976872277885	342187.2553376409	24.0	14257.802305735036	233.61236057280576
2.0	546.0	550.0	204.3021354464044	11.632267099737545	254.34417212679776	1.8255921708283631	60.33914815456299	1.8782287331421488	2.2476940155029297	7.479242642656614	299.0666740915385	21.0	14.241270194835167	124.86526083362733
2.0	546.0	550.0	822.4000134107954	11.998404239813464	273.7198790437148	0.21298224871686552	20.544699103354912	0.304813996836541	2.2476940155029297	7.479242642656614	299.0666740915385	21.0	14.241270194835167	124.86526083362733
1.0	546.0	600.0	747.052319851776	16.471909570083234	261.4096689058612	0.8182280242114419	32.137084361635104	0.8182280152129322	0.4341886341571808	24.104033577756045	102477.28910896726	24.0	4269.887046206969	184.51467321562052
1.0	346.0	650.0	862.2972328473102	18.917104504309936	236.56068065996533	0.8434211602560704	33.294705792883875	0.8434220541408477	0.7522847056388855	30.150752083454876	46645.2883662915	24.0	1943.5536819288125	192.94413416694692
