ncomps	x	y	amplitude	err amplitude	shift	err shift	width	err width	rms	residual	chisq	dof	redchisq	aic
1.0	96.0	0.0	305.26814299981527	8.553331796467367	286.3265797856554	0.8576668429564652	26.509057363354348	0.8576668360466019	0.7226600050926208	11.549943744169592	8227.806830629444	24.0	342.8252846095602	143.928214909525
1.0	696.0	0.0	558.1376334542911	17.30936787739714	238.37874850227408	0.8951844532324025	24.997603730813466	0.8951844382619613	1.1634902954101562	22.27675617558213	12258.151111603815	24.0	510.7562963168256	180.4093510456452
1.0	96.0	100.0	188.2168108200577	4.59160531285284	295.0351343654875	0.9714068926886122	34.483935763895296	0.9714069303682962	0.2957765758037567	7.35384318278765	18412.412449689138	24.0	767.1838520703808	117.43680139405743
2.0	96.0	300.0	16.487203172921145	9.820624823663957	176.9860919867882	17.977316189737525	24.75626151573056	18.981229255795412	0.26326966285705566	12.271865698509373	65264.30654087446	21.0	3107.824120994022	154.47269204259854
2.0	96.0	300.0	318.2686578916399	9.431439834705946	276.7888465092983	0.9700024219230551	27.07582637079381	1.0350101234171216	0.26326966285705566	12.271865698509373	65264.30654087446	21.0	3107.824120994022	154.47269204259854
1.0	96.0	400.0	641.6098775185864	14.3204326797799	272.9615442078899	0.6170661696368911	23.94273388686137	0.6170661601758353	0.3298427164554596	17.095625748493298	99991.02691213552	24.0	4166.292788005647	169.0089224237004
2.0	196.0	400.0	88.41473297149	11.93759016810664	269.7604489029925	2.923405503980079	62.74322502313266	4.638163533858236	2.2476940155029297	6.470159106159998	223.734666410141	21.0	10.654031733816238	117.02970655539453
2.0	196.0	400.0	469.65911081310196	11.814949124852143	274.8893609305997	0.3115051097215529	21.164310666841512	0.5062753753842558	2.2476940155029297	6.470159106159998	223.734666410141	21.0	10.654031733816238	117.02970655539453
1.0	96.0	500.0	857.9705513310186	14.686950081511931	259.1015489610661	0.5596509184902587	28.31302902218247	0.5596509135345134	2.2476940155029297	19.997540447156858	2678.3242831145894	24.0	111.59684512977456	174.9003010288943
1.0	196.0	500.0	1116.595889822488	14.431125156668813	254.78648745867045	0.46269546472509243	31.004130403756854	0.4626954616415594	2.2476940155029297	19.578959898907716	2831.6100023357853	24.0	117.98375009732439	176.40296237262416
1.0	296.0	500.0	1506.9509084842334	27.54448691583013	250.38121816258638	0.6214435451894235	29.443823716012727	0.6214435399982239	2.2476940155029297	37.48953034909092	9796.644051971507	24.0	408.19350216547946	209.91521192981517
1.0	396.0	500.0	1940.6962625508793	40.35017976763963	254.2807856979845	0.6783563085627549	28.25500997570051	0.6783562992187671	2.2476940155029297	53.80334461429064	20174.459094405564	24.0	840.6024622668984	229.41940496326652
1.0	596.0	500.0	1159.9847363069434	25.888759097699968	267.5583824120652	0.7573591764837516	29.387767297702744	0.7573591644951968	2.2476940155029297	36.0045662402864	8637.85228429597	24.0	359.91051184566544	206.5162923694237
1.0	696.0	500.0	1069.892965576133	26.298475908477194	267.24236435415	0.7510544438657382	26.461114038058664	0.7510544341680483	2.2476940155029297	34.23540181165659	8025.716361570766	24.0	334.4048483987819	204.5317102236149
1.0	96.0	600.0	742.9713707767977	10.209686276505648	249.28077038137218	0.46107726628048085	29.057755408236044	0.4610772627470587	2.2476940155029297	13.355170484044164	1328.3124094635969	24.0	55.34635039431654	155.96568540918696
1.0	196.0	600.0	1184.0212512870696	18.184439981138848	244.64579853142652	0.5138448803097417	28.974502112204288	0.5138448729186631	0.46014246344566345	24.185488797271415	100258.64411504753	24.0	4177.443504793647	187.0587809363458
1.0	296.0	600.0	1653.031099396202	31.638490118162704	243.05820354327358	0.6168471331152786	27.91054659114081	0.6168471245740037	0.8088032603263855	42.13539039543642	94624.56804409472	24.0	3942.6903351706133	215.95426104374633
1.0	396.0	600.0	1987.0023924889092	47.25175601794034	247.8634666805567	0.7477098780822146	27.22956186578998	0.7477098692906783	0.9809880256652832	63.09420292817843	139970.96256894158	24.0	5832.123440372566	236.9474887746755
1.0	496.0	600.0	1393.510656810836	31.319320128627364	254.70011282238903	0.7413066834670743	28.564084443294355	0.7413066721190822	0.5099507570266724	41.73091536421799	238714.6436568503	24.0	9946.443485702095	216.03171505438897
1.0	596.0	600.0	665.7760922451687	17.723733625274516	265.4518506140525	0.8721475859916789	28.371726497714537	0.8721475699410425	0.8199750185012817	23.93987909786585	29368.828020245764	24.0	1223.70116751024	185.10549326389122
1.0	696.0	600.0	568.5641874103036	16.73261988788305	266.7700403382678	0.8168819155111732	24.038015928084434	0.8168818967659015	2.4013209342956543	20.534758436658365	2585.9320849632404	24.0	107.74717020680168	177.52262254438565
